tree
version=v4
num_class=1
num_tree_per_iteration=1
label_index=0
max_feature_idx=14
objective=binary sigmoid:1
feature_names=entry_adx entry_cci entry_atr dema_distance_atr st_distance_atr hour_utc day_of_week atr_pct cci_abs is_st_aligned candle_body_atr regime_state volatility_zscore efficiency_ratio st_gap_ratio
feature_infos=[25.004839627949611:96.056168322344988] [-399.99999939554749:399.99999949307511] [0.35516908537805669:39.769138571222193] [0.0002907500985856049:10.741056837785314] [0.052750074149984533:9.3102902900197329] [0:23] [0:6] [0.018197002017525193:1.6368595065534324] [100.00820538605966:399.99999949307511] none none [0:2] [-3.8424031592464876:9.0987852219083791] [0:0.82142857141226544] [0.052750074141970624:9.310290288958452]
tree_sizes=1682 1680 1699 1699 1688

Tree=0
num_leaves=15
num_cat=0
split_feature=4 1 4 5 2 4 4 2 4 5 4 2 2 7
split_gain=126.566 42.6179 34.2687 18.2231 21.7582 23.8825 24.7721 23.0578 14.4001 13.6204 17.2902 15.2549 15.4459 14.9852
threshold=5.667773157275156 -124.5022285487824 2.8823191707628708 4.5000000000000009 2.2653464259698137 4.0086755414877082 4.6199697051738324 4.042510739380262 3.8354145056151823 12.500000000000002 3.5499788913526009 3.9368536983360993 5.9352872934670495 0.10644362399023775
decision_type=2 2 2 2 2 2 2 2 2 2 2 2 2 2
left_child=1 9 -3 -4 5 8 -7 -6 -5 -1 -11 13 -13 -12
right_child=-2 2 3 4 7 6 -8 -9 -10 10 11 12 -14 -15
leaf_value=-0.84646337064399091 -0.89559171943762828 -0.85030335093866194 -0.81065819842485864 -0.8322703507312248 -0.80753779082625177 -0.85047713645395595 -0.81145759892027969 -0.83561537716597922 -0.80375617624678941 -0.86296124698343246 -0.83298492579659178 -0.88538087716391178 -0.81913307409146008 -0.80291331035007152
leaf_weight=152.75441108644009 28.480866596102715 43.735903456807137 92.136642605066299 34.917066246271133 82.676991909742355 76.13402558863163 18.130575031042099 38.619099900126457 29.328672721982002 13.347366347908972 33.301844403147697 7.0409325510263425 5.7576170414686203 27.010180547833443
leaf_count=558 131 163 273 118 240 284 54 133 83 53 113 31 18 76
internal_value=-0.833682 -0.830989 -0.825184 -0.82223 -0.826041 -0.833359 -0.842972 -0.816477 -0.819253 -0.841078 -0.831563 -0.82583 -0.855578 -0.819518
internal_weight=683.372 654.891 415.679 371.943 279.806 158.51 94.2646 121.296 64.2457 239.212 86.4579 73.1106 12.7985 60.312
internal_count=2328 2197 1348 1185 912 539 338 373 201 849 291 238 49 189
is_linear=0
shrinkage=1


Tree=1
num_leaves=15
num_cat=0
split_feature=4 1 4 5 2 4 4 2 1 13 4 7 5 5
split_gain=117.758 38.6396 31.0761 16.2754 19.5621 21.6392 22.5286 20.5989 13.2066 17.8862 12.8428 12.8152 12.7982 12.6589
threshold=5.667773157275156 -124.5022285487824 2.8823191707628708 4.5000000000000009 2.2653464259698137 4.0086755414877082 4.6199697051738324 4.042510739380262 -101.32979619350898 0.10413380651509431 3.8354145056151823 0.069030021618493712 9.5000000000000018 12.500000000000002
decision_type=2 2 2 2 2 2 2 2 2 2 2 2 2 2
left_child=1 -1 -3 -4 5 10 8 13 -7 -10 11 -5 -8 -6
right_child=-2 2 3 4 7 6 12 -9 9 -11 -12 -13 -14 -15
leaf_value=0.020997758965974073 -0.032129261347451289 0.012174807341676227 0.049640430188516049 0.042339148683426996 0.037530296865168657 -0.020759625375066683 0.074362660673605099 0.026192558607526565 0.03833071125490619 0.0055905741694776438 0.056045535142198288 0.004218562484622255 0.024452426827320618 0.06152236783087809
leaf_weight=241.31260254979134 28.098839432001114 43.9593435972929 94.0611592233181 23.314638435840607 31.636509284377098 9.6708177477121335 9.0622927695512789 39.044076308608055 22.781547829508781 44.06527815759182 30.02053989470005 12.033265382051466 9.4412968903779966 52.868561491370201
leaf_count=849 131 163 273 72 99 42 22 133 73 169 83 46 32 141
internal_value=0.0280244 0.0305727 0.0360485 0.0388249 0.035242 0.0283309 0.0191913 0.0442139 0.012008 0.0167485 0.0416164 0.029362 0.0488964 0.0525404
internal_weight=691.371 663.272 421.959 378 283.939 160.39 95.0212 123.549 76.5176 66.8468 65.3684 35.3479 18.5036 84.5051
internal_count=2328 2197 1348 1185 912 539 338 373 284 242 201 118 54 240
is_linear=0
shrinkage=0.03


Tree=2
num_leaves=15
num_cat=0
split_feature=4 1 4 2 4 3 3 1 2 4 4 3 12 7
split_gain=109.71 35.1745 28.287 11.9995 10.2131 10.4595 19.4873 9.17206 8.68557 13.599 16.1301 13.2305 13.719 13.1728
threshold=5.667773157275156 -124.5022285487824 2.8823191707628708 0.89399445973877623 2.0101045350075251 0.082624904869482915 0.50603954416179231 -105.85838469512122 2.199157012632015 4.0086755414877082 4.5174617545313582 3.8098149863371122 -0.19053424567999236 0.11323248261808162
decision_type=2 2 2 2 2 2 2 2 2 2 2 2 2 2
left_child=1 3 7 -1 -5 -6 -7 -3 9 -4 11 12 -11 -10
right_child=-2 2 8 4 5 6 -8 -9 13 10 -12 -13 -14 -15
leaf_value=-0.0086190947523877171 -0.031602190667100662 0.035720157642010905 0.042667707713287796 -0.013423580215992008 0.053610553436963825 -0.0069730505036834619 0.024376628124274814 0.003954876380557153 0.051870380063120169 0.029221549321516056 0.042484541021923547 0.044346633429080115 0.003708716830012092 0.034611709753099774
leaf_weight=12.345063790678976 27.716271325945854 10.842080429196356 85.457991898059845 7.2027661949396125 9.5370531529188138 19.647373512387276 194.57931797206402 33.331165701150894 72.692088857293129 34.286758154630661 43.681802913546562 17.014751240611076 42.460496380925179 87.968664035201073
leaf_count=50 131 35 253 30 27 79 663 128 201 113 130 51 162 275
internal_value=0.0268888 0.0293047 0.0344849 0.0201979 0.0217382 0.02287 0.0215015 0.0117515 0.0371031 0.0332704 0.0274275 0.0204127 0.0151065 0.0424205
internal_weight=698.764 671.047 427.736 243.312 230.967 223.764 214.227 44.1732 383.563 222.902 137.444 93.762 76.7473 160.661
internal_count=2328 2197 1348 849 799 769 742 163 1185 709 456 326 275 476
is_linear=0
shrinkage=0.03


Tree=3
num_leaves=15
num_cat=0
split_feature=4 1 4 0 0 1 5 5 3 4 3 0 3 13
split_gain=102.332 32.1252 25.8276 15.3246 16.9927 14.4078 14.3723 14.3192 14.5792 19.1095 13.3186 12.0305 15.7365 13.2025
threshold=5.667773157275156 -124.5022285487824 2.8823191707628708 54.067708362829713 26.658685637210976 -134.61538383875768 4.5000000000000009 12.500000000000002 0.62252087024986735 4.2712920353141408 1.9648514718011243 62.455470997965399 1.1680862575993263 0.57954709806076299
decision_type=2 2 2 2 2 2 2 2 2 2 2 2 2 2
left_child=1 3 -3 4 5 -1 10 8 9 -6 -4 13 -13 -8
right_child=-2 2 6 -5 7 -7 11 -9 -10 -11 -12 12 -14 -15
leaf_value=0.016292106604406432 -0.031089581705202665 0.01134471959280057 0.056622886042647341 0.0015031544375928552 -0.034999919404930288 -0.022297762380796012 0.034824474847047968 0.041477986031630318 0.027772390863220385 0.027521681795976739 0.034403009601361043 0.036609241264348315 -0.019940802718615907 -0.0056753566571962847
leaf_weight=64.206057593226433 27.333878010511398 44.376935288310051 48.493851318955421 36.496308743953705 8.5844074189662951 10.073688536882399 266.46102404594421 50.911727800965309 65.898130431771278 9.0257681608200055 48.619096204638481 8.8201653808355349 8.8953042775392515 7.4466773718595496
leaf_count=226 131 163 126 140 39 43 819 153 218 30 147 27 37 29
internal_value=0.0258217 0.028115 0.0330273 0.0194379 0.0225743 0.0110586 0.0355026 0.0289378 0.0212925 -0.00295563 0.0454986 0.0321738 0.00821429 0.0337234
internal_weight=705.643 678.309 433.113 245.196 208.7 74.2797 388.736 134.42 83.5083 17.6102 97.1129 291.623 17.7155 273.908
internal_count=2328 2197 1348 849 709 269 1185 440 287 69 273 912 64 848
is_linear=0
shrinkage=0.03


Tree=4
num_leaves=15
num_cat=0
split_feature=4 4 0 2 5 12 5 5 2 2 3 0 4 5
split_gain=95.551 28.3142 19.4862 18.0541 16.0594 13.2019 11.9631 41.1138 11.8576 16.311 11.5274 14.788 11.6134 11.6118
threshold=5.667773157275156 2.231308947521883 55.001128844571987 1.1985034507902654 13.500000000000002 -0.48458499719471759 12.500000000000002 7.5000000000000009 4.0936073092117224 2.0640552878589005 1.3629585722927289 25.345065020802085 3.9721687866004531 4.5000000000000009
decision_type=2 2 2 2 2 2 2 2 2 2 2 2 2 2
left_child=1 -1 3 -3 5 -4 7 10 9 -8 12 -12 13 -5
right_child=-2 2 4 6 -6 -7 8 -9 -10 -11 11 -13 -14 -15
leaf_value=-0.00011888159002444972 -0.030590417797321273 0.018432390924617865 -0.0167165436711787 0.05069292328911456 -0.018734068910396896 0.024773949891448564 0.028244115159363984 0.014539020740135324 0.023251857237318464 0.048205286425307102 0.063926028456746345 0.028246086026377844 0.058127191799772701 0.0014878925935265244
leaf_weight=32.991188392043114 26.952312499284744 96.344731867313385 7.8191239833831778 9.6761058419942874 11.323350310325621 58.852555468678474 54.996331974864006 111.43648031353951 39.062121331691742 111.61395606398582 11.795545339584349 91.956128984689713 39.42765873670578 7.7926278263330451
leaf_count=128 131 325 32 26 47 193 176 386 129 305 29 291 101 29
internal_value=0.0248162 0.026996 0.0283678 0.0302793 0.014298 0.019908 0.0326683 0.0285409 0.0381285 0.0416163 0.0382536 0.0323025 0.0491055 0.028743
internal_weight=712.04 685.088 652.097 574.102 77.995 66.6717 477.757 272.085 205.672 166.61 160.648 103.752 56.8964 17.4687
internal_count=2328 2197 2069 1797 272 225 1472 862 610 481 476 320 156 55
is_linear=0
shrinkage=0.03


end of trees

feature_importances:
st_distance_atr=22
entry_atr=11
hour_utc=11
entry_cci=7
dema_distance_atr=7
entry_adx=5
atr_pct=3
volatility_zscore=2
efficiency_ratio=2

parameters:
[boosting: gbdt]
[objective: binary]
[metric: auc]
[tree_learner: serial]
[device_type: cpu]
[data_sample_strategy: bagging]
[data: ]
[valid: ]
[num_iterations: 1000]
[learning_rate: 0.03]
[num_leaves: 15]
[num_threads: 0]
[seed: 42]
[deterministic: 0]
[force_col_wise: 0]
[force_row_wise: 0]
[histogram_pool_size: -1]
[max_depth: -1]
[min_data_in_leaf: 20]
[min_sum_hessian_in_leaf: 0.001]
[bagging_fraction: 0.7]
[pos_bagging_fraction: 1]
[neg_bagging_fraction: 1]
[bagging_freq: 5]
[bagging_seed: 400]
[bagging_by_query: 0]
[feature_fraction: 0.7]
[feature_fraction_bynode: 1]
[feature_fraction_seed: 30056]
[extra_trees: 0]
[extra_seed: 12879]
[early_stopping_round: 0]
[early_stopping_min_delta: 0]
[first_metric_only: 0]
[max_delta_step: 0]
[lambda_l1: 0]
[lambda_l2: 0]
[linear_lambda: 0]
[min_gain_to_split: 0]
[drop_rate: 0.1]
[max_drop: 50]
[skip_drop: 0.5]
[xgboost_dart_mode: 0]
[uniform_drop: 0]
[drop_seed: 17869]
[top_rate: 0.2]
[other_rate: 0.1]
[min_data_per_group: 100]
[max_cat_threshold: 32]
[cat_l2: 10]
[cat_smooth: 10]
[max_cat_to_onehot: 4]
[top_k: 20]
[monotone_constraints: ]
[monotone_constraints_method: basic]
[monotone_penalty: 0]
[feature_contri: ]
[forcedsplits_filename: ]
[refit_decay_rate: 0.9]
[cegb_tradeoff: 1]
[cegb_penalty_split: 0]
[cegb_penalty_feature_lazy: ]
[cegb_penalty_feature_coupled: ]
[path_smooth: 0]
[interaction_constraints: ]
[verbosity: -1]
[saved_feature_importance_type: 0]
[use_quantized_grad: 0]
[num_grad_quant_bins: 4]
[quant_train_renew_leaf: 0]
[stochastic_rounding: 1]
[linear_tree: 0]
[max_bin: 255]
[max_bin_by_feature: ]
[min_data_in_bin: 3]
[bin_construct_sample_cnt: 200000]
[data_random_seed: 175]
[is_enable_sparse: 1]
[enable_bundle: 1]
[use_missing: 1]
[zero_as_missing: 0]
[feature_pre_filter: 1]
[pre_partition: 0]
[two_round: 0]
[header: 0]
[label_column: ]
[weight_column: ]
[group_column: ]
[ignore_column: ]
[categorical_feature: ]
[forcedbins_filename: ]
[precise_float_parser: 0]
[parser_config_file: ]
[objective_seed: 16083]
[num_class: 1]
[is_unbalance: 0]
[scale_pos_weight: 2.37007]
[sigmoid: 1]
[boost_from_average: 1]
[reg_sqrt: 0]
[alpha: 0.9]
[fair_c: 1]
[poisson_max_delta_step: 0.7]
[tweedie_variance_power: 1.5]
[lambdarank_truncation_level: 30]
[lambdarank_norm: 1]
[label_gain: ]
[lambdarank_position_bias_regularization: 0]
[eval_at: ]
[multi_error_top_k: 1]
[auc_mu_weights: ]
[num_machines: 1]
[local_listen_port: 12400]
[time_out: 120]
[machine_list_filename: ]
[machines: ]
[gpu_platform_id: -1]
[gpu_device_id: -1]
[gpu_use_dp: 0]
[num_gpu: 1]

end of parameters

pandas_categorical:[]
