tree
version=v4
num_class=1
num_tree_per_iteration=1
label_index=0
max_feature_idx=14
objective=binary sigmoid:1
feature_names=entry_adx entry_cci entry_atr dema_distance_atr st_distance_atr hour_utc day_of_week atr_pct cci_abs is_st_aligned candle_body_atr regime_state volatility_zscore efficiency_ratio st_gap_ratio
feature_infos=[25.004839627949611:96.056168322344988] [-399.99999939554749:399.99999949307511] [0.35516908537805669:39.769138571222193] [0.0002907500985856049:10.741056837785314] [0.052750074149984533:9.3102902900197329] [0:23] [0:6] [0.018197002017525193:1.6368595065534324] [100.00820538605966:399.99999949307511] none none [0:2] [-3.8424031592464876:9.0987852219083791] [0:0.82142857141226544] [0.052750074141970624:9.310290288958452]
tree_sizes=3323 3384 3373

Tree=0
num_leaves=31
num_cat=0
split_feature=4 1 4 5 2 4 4 2 5 3 5 4 4 7 4 4 1 13 6 7 1 3 13 5 5 1 1 2 2 4
split_gain=56.465 24.187 12.6639 7.20382 10.1499 12.1992 17.6974 11.7038 10.2868 10.0985 9.58464 7.15233 6.3858 11.1855 7.34811 9.59798 6.32311 7.99206 7.42237 6.26533 6.20288 12.3675 9.89945 5.92852 5.70372 5.51939 5.40999 8.9838 5.27115 5.36308
threshold=5.667773157275156 -124.5022285487824 2.9356673437649863 4.5000000000000009 2.2653464259698137 4.0335752937356615 4.6199697051738324 4.042510739380262 12.500000000000002 1.9648514718011243 9.5000000000000018 4.1446275813097939 3.8354145056151823 0.069030021618493712 3.9080388225949059 3.9545920272806856 -101.32979619350898 0.10413380651509431 1.5000000000000002 0.05376253358438985 198.2014208011673 0.95589003607797729 0.36468912350289456 9.5000000000000018 10.500000000000002 -103.96648099121015 131.28213655094825 1.5400754007386628 0.89399445973877623 2.0101045350075251
decision_type=2 2 2 2 2 2 2 2 2 2 2 2 2 2 2 2 2 2 2 2 2 2 2 2 2 2 2 2 2 2
left_child=1 28 19 9 5 12 16 8 11 -4 -8 -6 13 -5 -14 -16 -7 18 -18 -3 21 -21 25 -13 -17 -23 27 -19 -1 -30
right_child=-2 2 3 4 7 6 10 -9 -10 -11 -12 23 14 -15 15 24 17 26 -20 20 -22 22 -24 -25 -26 -27 -28 -29 29 -31
leaf_value=-0.90459168077195951 -0.92762690378123369 -0.93401623571081349 -0.81097842490471739 -0.83089727102455846 -0.87976719102570256 -0.91904123900086099 -0.77143055714561504 -0.86278381892833678 -0.80791100025858209 -0.85030059145276582 -0.85630814467538441 -0.79025626729526965 -0.77143055714561515 -0.89833113716794799 -0.89978767180235064 -0.76629627255934563 -0.80672876367621738 -0.81834729560635289 -0.87302715820118881 -0.81421626203119368 -0.9122344223145189 -0.85414958659106688 -0.81942495653900316 -0.85965763135794593 -0.84126786899110773 -0.9204539745395357 -0.90233359804347602 -0.90310011347091157 -0.91287506388499817 -0.86854251629109192
leaf_weight=11.894827321171759 31.302177160978317 4.1736236214637747 30.88481479883194 16.485813304781917 11.060102596879007 10.01669669151306 5.8430730700492841 30.88481479883194 35.684481963515282 34.641076058149338 7.7212036997079849 6.2604354321956617 5.8430730700492886 9.808015510439871 4.3823048025369635 4.1736236214637739 6.6777977943420437 6.0517542511224729 11.477464959025381 10.016696691513063 6.8864789754152289 4.3823048025369671 4.7996671646833411 6.0517542511224747 6.4691166132688522 11.060102596879004 25.250422909855843 6.4691166132688522 7.0951601564884177 177.17032273113728
leaf_count=57 150 20 148 79 53 48 28 148 171 166 37 30 28 47 21 20 32 29 55 48 33 21 23 29 31 53 121 31 34 849
internal_value=-0.862409 -0.85848 -0.850079 -0.846293 -0.850687 -0.859807 -0.871758 -0.837843 -0.824799 -0.831767 -0.819745 -0.850584 -0.839661 -0.856051 -0.819008 -0.837511 -0.882457 -0.875904 -0.848642 -0.875931 -0.869405 -0.859658 -0.882144 -0.824369 -0.811867 -0.901638 -0.889009 -0.862136 -0.872332 -0.87025
internal_weight=550.918 519.616 323.456 282.137 216.611 126.669 79.5075 89.9416 59.0568 65.5259 13.5643 23.3723 47.1619 26.2938 20.8681 15.025 65.9433 55.9266 18.1553 41.3189 37.1453 30.2588 20.2421 12.3122 10.6427 15.4424 37.7713 12.5209 196.16 184.265
internal_count=2640 2490 1550 1352 1038 607 381 431 283 314 65 112 226 126 100 72 316 268 87 198 178 145 97 59 51 74 181 60 940 883
is_linear=0
shrinkage=1


Tree=1
num_leaves=31
num_cat=0
split_feature=4 1 4 2 7 5 5 7 2 13 4 13 7 6 13 1 7 4 4 7 6 7 13 2 8 8 2 13 2 12
split_gain=52.3052 21.7283 11.3629 6.70991 8.1199 7.73348 15.1817 12.3186 13.0946 6.93632 7.82629 7.67107 11.8643 8.91524 6.44194 6.36801 9.07221 7.40954 6.12977 6.30626 6.09156 5.87893 5.85897 5.84727 7.42938 5.96522 7.04385 5.29074 5.53578 5.48645
threshold=5.667773157275156 -124.5022285487824 2.9356673437649863 1.0317562812550165 0.050720196436437527 7.5000000000000009 12.500000000000002 0.2273696669719891 2.0195402633688042 0.1874007936331685 4.3997015394181505 0.04779476365961615 0.081385861711473037 1.0000000180025095e-35 0.27736004898032862 170.94031608580397 0.048780830522245175 4.239363467572713 4.1361420129073379 0.09068676292914496 2.5000000000000004 0.05376253358438985 0.21137267903772691 4.0936073092117224 106.36373407404388 114.19030302959948 4.817395184567526 0.21232448680220029 1.4618393260002496 -0.5102370408741741
decision_type=2 2 2 2 2 2 2 2 2 2 2 2 2 2 2 2 2 2 2 2 2 2 2 2 2 2 2 2 2 2
left_child=1 -1 21 15 -5 9 27 8 14 11 18 12 -6 -13 -8 16 17 -4 19 20 -11 -3 -23 24 -10 -25 -27 28 -7 -30
right_child=-2 2 3 4 5 6 7 -9 23 10 -12 13 -14 -15 -16 -17 -18 -19 -20 -21 -22 22 -24 25 -26 26 -28 -29 29 -31
leaf_value=-0.0089784638861091226 -0.063209234087355612 -0.069648617447945982 0.047026881106839641 0.056066601770597815 0.084203375220044591 0.037815802471851463 0.016647731966988284 -0.059690394218818124 -0.010341551525199416 0.039116001496606045 0.087863147932494223 0.066152924316403808 -0.012215645756635593 -0.0053542909320676299 -0.032995981692664371 -0.039610498340069605 -0.059679264615818566 -0.0091677210089701599 0.0010065131448142911 -0.00032808510697333502 0.11358502981029642 -0.023456176911778617 0.016719427037103694 0.059584372717009608 0.054978168468362343 -0.05911994968129896 0.024735397334019936 -0.032024667270318191 0.038153054237708019 -0.01910099748383598
leaf_weight=195.40434826910496 30.46308159828186 4.0504842996597281 12.218845963478094 13.699642568826674 8.6559135764837247 7.7741027325391761 17.096864864230159 4.3825470060110083 4.8710035830736151 6.3205519616603869 8.4539463967084867 5.073455646634101 5.0529320687055579 30.947145104408264 10.577747017145155 9.4373414665460569 4.2066935598850241 11.282469198107718 9.6595378965139371 4.2104072570800772 4.8558257520198822 21.131266504526138 15.905282154679297 4.5912397205829611 40.946521490812302 4.1738542914390546 6.2607814371585846 19.189638838171959 5.0248805880546596 25.011757135391235
leaf_count=940 150 20 58 65 41 37 82 21 23 30 40 24 24 147 51 45 20 54 46 20 23 102 76 22 193 20 30 92 24 120
internal_value=0.000470888 0.0041981 0.0121189 0.0156748 0.0186563 0.0164579 0.00967221 0.0221362 0.0261875 0.0286793 0.0462658 0.0168322 0.0486644 0.00471741 -0.00232701 -0.00413754 0.00794454 0.0200491 0.0322253 0.0518239 0.0714707 -0.0124575 -0.00620283 0.0391573 0.0480338 0.0120905 -0.00880674 -0.0106419 0.00021023 -0.00952287
internal_weight=550.93 520.467 325.063 283.976 246.83 233.131 149.901 92.9006 88.518 83.2297 33.5003 49.7294 13.7088 36.0206 27.6746 37.1454 27.708 23.5013 25.0463 15.3868 11.1764 41.087 37.0365 60.8434 45.8175 15.0259 10.4346 57.0004 37.8107 30.0366
internal_count=2640 2490 1550 1352 1175 1110 715 442 421 395 159 236 65 171 133 177 132 112 119 73 53 198 178 288 216 72 50 273 181 144
is_linear=0
shrinkage=0.05


Tree=2
num_leaves=31
num_cat=0
split_feature=4 1 4 2 7 3 5 5 3 7 7 4 7 4 2 7 4 8 1 7 5 4 7 5 4 3 12 3 4 3
split_gain=48.5062 19.5268 10.2183 5.91915 6.54726 17.0136 7.02998 12.4611 12.4328 11.0103 11.1316 8.75623 9.51793 6.11382 6.19776 10.5463 6.21727 7.19938 5.83238 8.30271 6.75217 8.73126 5.34816 5.28089 7.78391 8.1117 7.77491 5.86486 5.8266 8.38034
threshold=5.667773157275156 -124.5022285487824 2.8823191707628708 1.0317562812550165 0.050720196436437527 2.2504936646863718 7.5000000000000009 12.500000000000002 1.928494183190071 0.2273696669719891 0.057565638107706173 4.4113590657633841 0.10922149401147914 4.7186384256321512 2.5401604748667093 0.1306152907859234 4.0000000000001341 109.28382469868075 170.94031608580397 0.048780830522245175 1.5000000000000002 4.2791256966744102 0.15699368320043325 12.500000000000002 3.5499788913526009 3.5524210458249619 1.4504766730254015 4.5608208108972343 4.2712920353141408 1.9125469792579295
decision_type=2 2 2 2 2 2 2 2 2 2 2 2 2 2 2 2 2 2 2 2 2 2 2 2 2 2 2 2 2 2
left_child=1 23 -3 18 5 -5 8 22 11 10 -9 12 -6 14 16 -16 17 -12 19 20 -4 -22 -8 28 -25 26 -26 -27 29 -1
right_child=-2 2 3 4 6 -7 7 9 -10 -11 13 -13 -14 -15 15 -17 -18 -19 -20 -21 21 -23 -24 24 25 27 -28 -29 -30 -31
leaf_value=-0.039679332603456116 -0.061810302825114252 -0.012642999240657328 0.071270480813186834 0.0048129950026444763 0.049164035755106743 0.11611999096538841 -0.013652693391265097 -0.050193831275151549 0.0075051212357332897 -0.05817899285851677 -0.022656213272357478 0.08690434595105051 -0.012381867158042341 0.071982562108038037 0.062018377088505765 0.011521307467046819 -0.0083349198876422458 0.054587815713457069 -0.038260742420282587 -0.058136462749799327 0.034930953433878018 -0.033879196663747356 0.043971462282161165 -0.033573554240079032 0.01304500193585671 -0.044517895132527727 0.073831666230271056 0.017932741520861099 -0.0016274920252076558 -0.0062739378753279996
leaf_weight=38.70428092777729 29.616455733776093 38.79572956264019 4.8835297971963945 8.3760842233896238 24.628187283873558 5.8176238387823096 53.213120713829994 4.7925180196762076 41.517500385642052 4.2743386924266806 4.1497610211372367 9.9795239418745023 8.4326916486024839 7.2675254046916953 21.113355800509453 20.262763902544975 21.387185215950012 11.045985445380209 9.2856666445732099 4.1050065755844107 10.699193552136423 8.1004903465509397 4.3561947941780081 12.174179583787916 34.004064872860909 9.5327451378107053 6.2231071293354026 6.2075196951627722 51.375767558813095 36.460682794451714
leaf_count=187 150 188 23 39 115 27 256 23 196 21 20 46 40 34 98 95 102 52 45 20 50 39 21 59 164 46 30 30 248 176
internal_value=0.000434095 0.00397127 0.0114449 0.0146932 0.0174517 0.0504348 0.0154715 0.00903788 0.0270261 0.0202291 0.0239521 0.0458563 0.0334658 0.0281215 0.0240327 0.0372889 0.00903968 0.0334935 -0.00395374 0.00751023 0.0188888 0.00528173 -0.00929235 -0.008562 0.00265998 0.0105416 0.0224486 -0.0198891 -0.014605 -0.0234752
internal_weight=550.783 521.166 326.484 287.688 250.614 14.1937 236.421 151.863 84.5579 94.2934 90.0191 43.0404 33.0609 85.2266 77.9591 41.3761 36.5829 15.1957 37.0739 27.7882 23.6832 18.7997 57.5693 194.682 68.1416 55.9674 40.2272 15.7403 126.541 75.165
internal_count=2640 2490 1550 1362 1185 66 1119 722 397 445 424 201 155 401 367 193 174 72 177 132 112 89 277 940 329 270 194 76 611 363
is_linear=0
shrinkage=0.05


end of trees

feature_importances:
st_distance_atr=22
atr_pct=15
entry_atr=11
hour_utc=11
entry_cci=9
dema_distance_atr=7
efficiency_ratio=7
day_of_week=3
cci_abs=3
volatility_zscore=2

parameters:
[boosting: gbdt]
[objective: binary]
[metric: auc]
[tree_learner: serial]
[device_type: cpu]
[data_sample_strategy: bagging]
[data: ]
[valid: ]
[num_iterations: 1000]
[learning_rate: 0.05]
[num_leaves: 31]
[num_threads: 0]
[seed: 42]
[deterministic: 0]
[force_col_wise: 0]
[force_row_wise: 0]
[histogram_pool_size: -1]
[max_depth: -1]
[min_data_in_leaf: 20]
[min_sum_hessian_in_leaf: 0.001]
[bagging_fraction: 0.8]
[pos_bagging_fraction: 1]
[neg_bagging_fraction: 1]
[bagging_freq: 5]
[bagging_seed: 400]
[bagging_by_query: 0]
[feature_fraction: 0.8]
[feature_fraction_bynode: 1]
[feature_fraction_seed: 30056]
[extra_trees: 0]
[extra_seed: 12879]
[early_stopping_round: 0]
[early_stopping_min_delta: 0]
[first_metric_only: 0]
[max_delta_step: 0]
[lambda_l1: 0]
[lambda_l2: 0]
[linear_lambda: 0]
[min_gain_to_split: 0]
[drop_rate: 0.1]
[max_drop: 50]
[skip_drop: 0.5]
[xgboost_dart_mode: 0]
[uniform_drop: 0]
[drop_seed: 17869]
[top_rate: 0.2]
[other_rate: 0.1]
[min_data_per_group: 100]
[max_cat_threshold: 32]
[cat_l2: 10]
[cat_smooth: 10]
[max_cat_to_onehot: 4]
[top_k: 20]
[monotone_constraints: ]
[monotone_constraints_method: basic]
[monotone_penalty: 0]
[feature_contri: ]
[forcedsplits_filename: ]
[refit_decay_rate: 0.9]
[cegb_tradeoff: 1]
[cegb_penalty_split: 0]
[cegb_penalty_feature_lazy: ]
[cegb_penalty_feature_coupled: ]
[path_smooth: 0]
[interaction_constraints: ]
[verbosity: -1]
[saved_feature_importance_type: 0]
[use_quantized_grad: 0]
[num_grad_quant_bins: 4]
[quant_train_renew_leaf: 0]
[stochastic_rounding: 1]
[linear_tree: 0]
[max_bin: 255]
[max_bin_by_feature: ]
[min_data_in_bin: 3]
[bin_construct_sample_cnt: 200000]
[data_random_seed: 175]
[is_enable_sparse: 1]
[enable_bundle: 1]
[use_missing: 1]
[zero_as_missing: 0]
[feature_pre_filter: 1]
[pre_partition: 0]
[two_round: 0]
[header: 0]
[label_column: ]
[weight_column: ]
[group_column: ]
[ignore_column: ]
[categorical_feature: ]
[forcedbins_filename: ]
[precise_float_parser: 0]
[parser_config_file: ]
[objective_seed: 16083]
[num_class: 1]
[is_unbalance: 0]
[scale_pos_weight: 1]
[sigmoid: 1]
[boost_from_average: 1]
[reg_sqrt: 0]
[alpha: 0.9]
[fair_c: 1]
[poisson_max_delta_step: 0.7]
[tweedie_variance_power: 1.5]
[lambdarank_truncation_level: 30]
[lambdarank_norm: 1]
[label_gain: ]
[lambdarank_position_bias_regularization: 0]
[eval_at: ]
[multi_error_top_k: 1]
[auc_mu_weights: ]
[num_machines: 1]
[local_listen_port: 12400]
[time_out: 120]
[machine_list_filename: ]
[machines: ]
[gpu_platform_id: -1]
[gpu_device_id: -1]
[gpu_use_dp: 0]
[num_gpu: 1]

end of parameters

pandas_categorical:[]
